100
1000
-0.1393349410154702
3
-0.8492924402794708
11
-0.8658544980445759
22
-0.7225700007498266
28
1.9109529132518461
29
-0.9974298959486729
31
1.2947003751827884
46
-1.3325965142506702
56
-0.6968984626558029
70
0.1253591975704758
98
-0.0542629050658023
1
1.3406828448092549
3
-0.5976888463707704
24
-0.3975711542688284
33
0.4583383571936251
39
1.3051655122255339
52
-0.4058727033976159
53
-0.6869636106028378
56
0.9295176362226486
62
0.3027333781173124
2
1.4240299938267915
9
-0.8832004628174517
23
0.2373958863579238
35
0.0240797357828461
39
-0.4356740614745039
47
2.2837377664455771
53
-0.8366257827905904
57
0.6155300782884606
60
-0.8821846181111485
63
0.9845737510478315
71
0.2876134625385771
72
-1.0216260237881623
77
-0.6732443145916355
86
-0.9856283069847653
2
0.4503872457868122
4
0.3091227907049239
26
0.7114573167416299
27
-0.7958939970815394
40
-1.5483578166783294
41
-0.3010372368772204
45
-0.7718921100404874
52
0.6670306868125887
56
2.0714854391595963
58
0.8024037785509121
63
-0.7151308878590930
69
-1.5461614734446854
75
-0.7744117593588753
7
0.0954214604625065
9
0.3149321908507999
14
0.6110451215793030
58
0.5021224509887126
60
1.8654591457930041
71
-0.3115716421071933
72
0.3208705254573443
79
1.3163136851090622
99
0.3488492165407842
5
-0.1466951982229976
19
-1.8297444446043591
34
0.1688841884013073
44
0.2046806424300246
49
0.0078585325783470
52
0.6983780825788213
57
1.2295920185983396
59
-0.4506029410669585
61
-0.9660051218894226
66
-0.6714842707343910
73
1.1098825164284771
91
-0.1363653162159939
93
0.3603493505702370
22
1.0779989339449538
31
-0.5633839298630167
35
-0.9077825319154643
44
-0.0084080486761617
52
-0.2989985349472660
53
-0.8560970784939695
62
0.7344532763869908
66
-0.8436507677451779
92
0.5535750153096316
96
-1.8316548482209467
23
0.7637411847504314
34
-0.9565517227674616
36
-0.9170947549605245
67
-1.6706767261679636
69
1.1274581705539126
72
0.1562947932049549
7
0.5242085949850538
25
0.6357354639319529
28
-0.1876772866403510
33
0.9736186039499471
37
0.3652026388370540
53
-0.2734926284942716
59
1.0471934221166681
73
-0.5863040809369624
96
-0.7552595740591985
7
-0.0805281084394731
14
0.8576591673100080
29
2.2740124086115618
48
-0.3955469868684428
54
-1.5393442825507468
80
0.7707061940414645
93
-1.6138740279682493
1
-0.0812807795645775
12
0.3123161623743403
21
-0.5806897998348532
23
-0.7017871536693885
41
0.3769542798051282
47
0.3117976104697732
54
0.7970148134431109
57
-0.7036358496729727
58
0.6725309266830480
81
0.0532408986294881
7
1.8856116610047589
23
-0.6733591251197059
29
-0.5699304252856335
37
-0.4858164847319052
54
0.7347766047474992
62
0.2782160811300222
71
-0.9839239516174010
72
-1.0207746323546403
87
0.1878112114238078
88
1.1372793970084312
96
-0.4026255600761360
12
0.8972402242914976
50
-0.0726395671998271
53
-0.8207006702229458
61
0.6836922186738583
66
1.1211699993433875
71
1.1267251943846104
88
-0.3491122753277096
3
-1.1730708395984306
11
0.5823123584676372
15
-0.0301063822272861
33
-0.4055079675654162
35
-1.5262517410666250
36
-1.7217454076441836
51
-0.4197133978612848
55
0.5055334429634621
56
-0.0510036358986065
64
0.8630270201540678
67
0.8920718656218056
85
0.2109710843575705
88
0.5307159576870505
19
0.1828757618493019
28
-1.1512852205053494
30
-2.3965131503329440
36
1.6580284109206060
41
-1.6835726136737235
72
-1.6889451925877712
77
-0.6977342291461924
1
-0.5893957027679758
11
1.4149299781930069
20
-0.8182425465721415
36
0.2184406476856224
52
-0.3497794017059954
54
-1.4168047801695713
59
0.1134717705352074
62
1.6334818373890265
67
-0.0925680123453448
68
0.9682425964567617
71
0.6170992235593926
80
0.3670621361912910
92
-0.2043909564356710
13
0.3844779961191878
16
-0.7552520833794298
22
1.0706460646928844
23
-0.3906193378394303
24
-0.3763219754034242
28
1.0797036289846651
33
-1.0471093367148829
47
1.6567770594215523
60
-0.2738890658607248
69
1.2629391706579955
70
-0.2800539822784276
72
1.9228753844336688
5
-0.2318102696499966
8
0.0335875772847692
10
0.8265762670866619
15
-0.5526219296190393
18
-0.6918121256839488
25
-1.0249569707301009
27
-0.1505699221537619
74
-0.2141645874525153
80
1.4135410498732568
87
0.1546515466590511
94
-1.2544879510692553
9
-0.5625845626461180
21
-0.4317762656590501
27
0.7886512856398016
56
-0.8047618231276962
61
-0.7612776934113500
67
0.1708309656758989
91
1.2902010416870657
2
-0.4680207985439480
7
0.3965047461437148
10
0.6459504464294580
12
-0.1904797419921167
12
-0.1465737208342694
16
0.4756591421530677
18
-0.2144197606630224
43
-0.0675512613192867
44
1.7158149708973358
54
-0.2161249715969151
59
2.0438346055192440
89
-0.1922452840315592
94
1.7244630489918007
1
-0.7211556576637426
6
-1.5974214265019142
21
-1.5864747121358294
24
2.0167347776590154
30
-0.1662899576419931
40
-0.6102485589044200
42
0.4039621418214399
61
0.5889361343973809
62
-0.1969772800503780
77
-0.9074350081436339
86
-0.8292711717426958
88
0.1483964919903934
96
1.1240910944379299
2
-0.5670797381313138
21
-0.9924799406748041
23
0.9186188111093181
29
-0.4885368625746909
43
-3.2307218902125916
46
0.8123389261880906
50
-0.1166588842124823
56
-0.2230081553297096
59
-0.6812148580322375
73
-2.0698594770618564
79
-0.2047594781234348
98
1.5373024497438152
24
-0.3226196023327862
33
0.1064706266198699
44
0.1499218384016632
50
0.5548616700218125
54
1.4034893750487387
61
0.6774910073477942
65
0.6898228244704959
67
0.5170812505181809
70
1.3134817010172863
85
-1.0255171491545274
88
-1.5625189633566063
98
-1.0255970378846697
16
-1.3451372484496689
59
-0.2006150103710583
62
0.8832970598586986
73
0.5127334345485484
74
0.0087981868377938
75
-0.5981210832439348
86
-0.7959391326095729
95
-1.7727760483142871
12
0.3095284940114580
17
0.1337792539754351
19
-1.3725643420772364
21
1.5304788886338432
22
0.4987646584799115
27
-1.5081748126406687
55
0.4604441147711428
61
0.6054082986626367
69
0.5513435849892142
92
-0.0019915949340655
6
0.6435472173541927
16
0.2709379416653950
17
-0.2696842061213505
35
1.4197725359112234
47
0.7996573703767158
56
-0.8159426096257303
62
0.4886498218193153
65
1.0624468416650139
94
-0.3577293770051641
100
-0.8441705050669713
6
-0.7616826626590740
7
0.4553915012176895
15
-1.2677552283894902
20
-0.2445335491207982
22
-0.5297728115676081
24
0.1095716878975468
37
1.1880564056462402
50
1.1550390535470121
61
-0.0641639502384551
70
0.4757209734582116
80
-1.6129665984056163
86
1.6390530840263102
90
-0.0385506252636127
95
-0.7903662162078948
98
-0.2937100484198081
12
0.0849167463609525
16
-0.1788159320063463
37
0.5729239243990170
38
-1.8464878135502361
39
0.5676299596171083
42
-0.0090366029962438
48
0.1613000914971628
68
0.0589508121618950
93
-1.1469803858817276
100
0.4197579064625216
1
0.6501406854097729
37
-1.2743345403305180
44
-0.1438184312398139
17
-1.1030800204740818
19
-1.6517241865222405
46
0.3205694548841092
50
1.5003922025668295
51
-0.6700882706382013
64
-0.4284543662581037
65
-2.0145669240577186
86
0.0035849452400525
90
-0.0892090109186621
8
1.2945064800342536
13
1.0521024746655836
26
0.9792189672017528
40
-1.0206941514384764
55
0.4857450546037386
60
-1.1177100161860418
77
0.9914654708907683
78
-0.2371464920722054
11
-0.3596346178754526
12
0.2488375587622630
16
0.9764812061377036
18
0.6588562575225893
22
1.5397702466454368
32
-2.6148760301079181
41
0.4179955473741474
49
0.2464129740385397
51
0.0628133250372871
68
-0.4677849950488804
78
1.6876248604646891
86
-1.4155041071114915
6
-0.0630903334674032
19
0.6946542419379373
20
0.5575487178771524
21
-1.2825250797583516
35
-0.0503676558878310
37
-0.1121286102731598
58
-1.3008837539409821
63
0.3594117780674980
79
-1.7980314121437098
90
0.1553627609133060
94
0.2880387191914586
98
1.4104870648180194
2
-1.5619156142664161
12
-0.5589314138856503
15
0.1649329524987119
18
0.5902911926570830
21
0.6079821064941675
38
0.9479242620930269
81
0.2399983800239080
83
1.0413791720338119
92
0.6438408178905641
93
0.7309267526907913
18
-1.2321154968210439
23
-0.4957898074301941
29
0.0060570342412153
37
0.8800246298607084
72
1.6224014444039194
88
-1.5943596289884976
6
-1.3362136653928416
14
-2.1835003144869889
17
0.3060286499940681
21
-0.3768445206260069
26
-0.8996898460625230
31
0.0962296995614608
48
-0.4634815805656117
50
-0.0498096947191150
67
-0.0444844832768562
71
0.0193103695084795
80
-0.2055783410467584
85
2.3688816456788913
31
-0.4156710900785841
47
0.3990777555037207
54
0.0971933380584176
55
-2.4615339830769396
56
0.0857077213858159
81
-1.4114475558222199
31
1.7465410699214359
42
-0.0870229475559366
46
0.9030280075010552
58
1.0191116749864590
59
-0.6291856443442755
74
1.5359225058016697
77
0.4316330577711279
3
0.1068083020593510
8
1.9644857514426062
9
0.4895709307890292
14
0.1306671547751716
32
-0.3536514833586686
45
0.7575923965216979
59
1.4371821043674795
66
1.9519453239924656
75
-0.4176110876096070
94
0.9167782372188223
97
-0.6859632892892696
33
0.5906056355131755
43
-1.4987277066669866
50
0.7807409251766656
67
0.6040541788004964
70
0.5822754634070226
76
-1.6728392789172497
98
-0.3500305652224251
6
-0.3602110102448236
10
0.4596336102089880
14
-0.5734804378265721
17
-0.4833887028621116
20
-0.8693848890682013
35
-1.5317039708260680
40
0.5644380825718166
67
-1.2106207819659409
71
1.1352898340829847
79
0.8035683514990598
83
0.8088375056744616
94
-0.3962668095861814
1
-0.5597746418405612
9
-1.1397446649113827
24
-0.8655550954600961
39
-3.7829581423945955
43
-0.6056353667709813
55
-1.1153129331545903
77
1.4631268127824995
84
-0.3206897609107253
90
0.5418424793735458
7
-0.4935504968952678
9
-0.9741752616864688
36
0.6693823395641405
45
1.2541106812670475
56
-0.4644296344099763
57
-1.5312423122658261
66
-1.3487298284396856
67
1.0651354446224273
74
0.6651608473194776
84
-0.1935601517390765
89
1.7698887342952754
92
2.3857792527859076
13
2.1979848237240800
30
1.1971767251614724
35
-0.0363929957612120
46
2.0706397979080542
53
-0.5964389318615970
60
0.6186268738137122
72
1.5665418151559507
95
-1.1554928890193021
98
0.0901481195514309
99
0.0067732914637040
16
-0.9599704603109647
18
1.9917563838406325
25
-0.2676749315768397
31
0.9361360414969851
36
0.9048422853981598
55
0.4619339384732905
67
-0.0238248301999495
75
0.5409311042594255
86
-0.2717687955971559
88
0.6116628914206993
96
-0.0690905665467209
98
-0.7208796156755848
2
0.7277133517573828
27
-0.2585669697991902
28
1.6816068856762347
42
0.4267085455269576
46
-0.1381845382780571
52
0.4290464598814377
57
0.9388387068457164
74
-0.4011023095705309
93
-0.3428481882929252
94
-0.8024563515722183
96
-0.0331571921169988
98
-2.2565161588356353
2
-0.9085277127232168
4
-0.2037059722833735
17
-0.8009832260045564
40
-2.1058176568247995
41
-2.4042439295606277
47
0.1265362591158816
48
-2.3677722449202778
49
0.3270863237005035
72
0.8170171113209951
79
0.6841561887061739
96
1.2101495492883050
6
-1.9097467095876195
7
0.3328168014777543
11
-0.1484558435195796
12
1.3908719034546442
19
1.6520332873521086
23
-2.0214016747039185
25
-0.1484757983902150
27
-0.2856629020126348
28
0.0450460272070959
37
0.5719753410812222
42
0.5695347597915432
45
-0.1036548003850495
50
-0.1087526447337138
61
-0.1177360782593329
65
-0.5470003193540113
72
-1.7185591068371522
73
-1.1677485749217460
77
-0.5014444664546809
86
1.3114890936461816
87
-1.7219406959709973
2
-0.8230496732939612
7
-1.0005813221512245
13
-0.5180922242483355
18
-0.0503673941440936
33
-1.3093008287053063
34
1.5466898707595123
53
1.0335247598874486
56
2.1854662023269316
57
0.5941895993118074
68
-2.4749132631707202
89
-0.4688865576040813
99
-0.6460283432320884
21
0.0643075194476262
22
-0.0952382571584456
40
2.9348181178709507
56
-0.4539645767816269
83
-0.5322286486510761
88
0.2531360443169304
91
-2.8064056532312192
13
-0.0333202874128259
21
-0.4130496998010152
34
-0.6192304578139997
53
0.3412052131064314
58
0.5663594289209268
62
-0.2661549478718816
70
0.0793659970462941
72
1.2686404094213430
91
-0.4342964678194334
17
-0.2423599955781437
34
-0.3181913427195850
38
-0.5450360291219949
39
-0.4226329729578560
69
-0.7489634611704800
90
-0.6525925064854260
91
-1.3975107568653218
96
-0.7122927522824327
4
0.7726114630771588
33
0.3654138543066955
46
2.2771710367228160
71
-0.4943363839854346
84
0.1767594608259129
1
-0.4255422490797667
2
0.9575526528551119
14
-1.0683857756389661
16
-0.6739807799859103
24
-0.3331427855238340
32
-1.1248660734799700
43
-0.3054102285680386
59
-0.6806072689741698
62
-1.1155122787131253
64
-0.1092869859940073
71
-0.1376906014779510
76
0.2914087340612906
82
-1.4564923932331395
93
0.4943389418854129
94
-0.1861429295749017
6
0.3614571445037575
10
1.2611416013300185
12
-1.3207605496436976
16
1.1427850274728135
23
0.0177729207666040
29
-0.9794060652399270
43
0.3425401679030037
48
-0.5989111128067507
61
0.3168956647456277
69
-0.6166948379056248
92
0.3436531703090794
23
0.4686796234222710
35
1.4061779154531584
47
-0.4087599054969082
51
1.7027829786493973
57
0.2987439355504460
72
-0.5306464817117168
83
-1.4277551224670879
93
-1.0452367279417283
98
1.3492536053391810
4
1.2683155129577526
9
0.0801746044282549
14
-0.1846119954135985
17
0.4468041291428294
18
1.5824493731484301
28
1.3034753366961431
37
0.9178631502092565
45
1.5252568926105985
54
0.3610363475526106
55
-0.7454676924944453
57
1.4484984120183686
72
-0.9945450596155780
75
-0.1243853387091222
83
0.0989934202501004
100
0.9836019971831613
12
-0.2584095592483687
14
1.9694272720265782
18
-0.1589419973528079
33
0.7497823047185354
38
0.5231758788833801
42
-1.7585339466765331
48
0.4511428350941578
55
1.6752461652154107
58
-0.4606769755669735
81
-0.4000734143190614
85
1.2039618494634616
87
-1.3512805908383074
88
0.9228703958794531
15
-1.4902336890848669
60
0.3189975016761954
68
-0.3410362037102360
92
-0.3867217533639049
15
1.3217044352832277
19
-0.1586645848177430
30
1.2540785285470677
35
0.3336101129182715
37
0.4113437256251902
39
0.6801118926976092
45
-0.4438306829685540
53
1.4505758318318274
58
-1.3183843850447454
61
-0.0393340435508940
74
0.7407863397692223
76
-0.0236728967965823
78
0.5411563429568358
87
1.1825320168139768
93
0.9097998200565049
7
0.2960168735239924
11
0.0830188944343063
24
-1.1479142547970909
25
2.4516580119350060
30
1.2448299291371325
51
-0.7434460195262473
61
0.4475104373186936
72
0.7245822128628526
73
0.5236127906553657
75
-1.4379706810439379
76
0.9999818909870094
1
0.6182409007402466
20
0.1190541277682513
23
0.6914021212582728
31
-0.0477366280615709
33
0.8947825813842187
46
0.6422478325027958
48
0.2916716187064837
65
-1.1927607385435302
71
-0.3598102597943205
84
-0.8093377881003007
6
-0.2442944905943004
11
0.3607008363411845
18
-0.4351421881789236
19
-0.1426475877281124
35
1.5438676354511178
37
1.2476484947882220
44
0.1288089879389223
56
-1.3124299735939444
65
-0.1266222534574459
66
0.9891330648988448
80
0.2477970015917915
82
0.8223794156492037
92
-0.9088543927447942
99
-0.2260746941844202
39
-0.7478995536885907
44
1.2340154612306078
53
-0.3384922656803186
55
-0.4349336964670266
57
-0.5866822934808464
61
0.6420643983896699
79
-0.1806291734644049
88
2.1500973364386655
15
-1.0020249868410387
20
0.2683557201909714
24
0.7486346235719191
42
-1.0762972767947694
44
0.0291301082143645
58
-1.7954268899672776
60
0.9043661267769839
76
0.5154958789668524
81
-0.6633890434901785
84
0.7412703858171110
88
-0.5836638069081652
97
0.0811522274680344
27
-0.4540778253510953
34
0.9631758779211084
36
0.0604193582365861
50
0.6208040680688609
100
1.6498769655580801
5
0.1534964949289251
7
-1.3057355916289641
10
1.0683170833916196
14
0.9337026156601916
28
0.2808383745776444
30
-2.3786613244388142
33
0.8213986482777121
36
0.4549043771522409
46
-0.2697254345906453
48
-0.4087044329815233
81
-0.2171037511668794
85
0.3336254720196036
97
-2.7331864607553245
100
-0.8239733291263875
8
-0.7790559785027503
17
-1.0771217184654198
24
0.7165053789377253
26
0.1080891429990119
32
0.1794122663987729
33
-0.9376107249060593
60
1.3521027844638627
72
-0.9804225854615053
74
0.2212733162996623
1
0.0089050692296999
16
-0.2409029202974256
17
-1.0085944708654733
34
0.1924369507646708
51
-1.1482590731953861
54
-0.1980374761890530
60
-0.5492050107442932
73
-0.5207059224000296
79
0.4232697702531290
95
-0.4125591551970148
8
-0.3009490427058530
14
1.7591738331899209
20
0.0967374143376375
31
-0.5790388615685119
33
0.1426115214959186
36
-0.0877387940257366
48
0.1703893183395109
50
0.0055857322466552
89
0.0051483605818978
98
0.4163795976639341
6
1.5091959874652976
23
-0.4163003228312673
24
0.0783876622382905
32
0.1879075451124620
38
-1.7128465255581586
47
0.3748925574514998
53
1.3002665979617736
64
-0.3452655142610002
73
-0.5229667963324248
88
-0.4633425047807556
95
-0.8323536681462610
19
2.0684499374003935
22
0.4707434302054233
23
0.6425479162037464
41
3.5749999774696590
48
-1.8169930331867734
49
-0.5918552807156567
60
-0.2733621239794638
65
-0.6589051032472781
71
-1.0593467618562054
78
-1.2489885178132802
84
-0.3696348711987880
86
-0.7504817873447611
92
2.4886645167097328
1
-2.4324324242337889
16
-0.6609433909962238
21
-0.8504651834885215
24
-1.2000046230372035
29
0.9295772473147397
35
-1.6048247727921308
42
-0.5137507631564001
60
-1.2472481194109393
61
0.5035411037183434
78
-0.2406891698869102
82
0.7745164022860610
92
-0.3830707443650938
3
1.0108229588161630
5
1.2078864235987352
7
1.0736159099014804
16
1.2001693835630054
17
0.1589677728727267
48
-1.1256632874741352
54
1.5569978444307702
66
-0.0043407369453881
77
1.5676687046299529
79
0.0473500393780702
84
1.2295276516015441
93
-0.2017617644384826
98
0.0227104995759382
3
-0.6546988580370328
33
-0.3620567982142270
45
-0.4872369362359057
56
-2.3915490390412475
62
0.7019150235161065
64
0.2052544457332879
65
0.1511490167798707
68
0.2131154836849572
86
2.0545953937801080
95
-0.6871203016881554
96
-1.2003837010582172
7
1.4494611676068780
8
0.2800816661982076
16
-0.9959609466583818
20
0.2801691023313903
30
1.0949352902970066
61
-1.0576831730718168
64
1.2689964757440229
81
0.6036929305763299
84
0.8237418835281036
88
1.3573265565403785
91
0.7355552777113228
94
-0.5433152409412016
11
0.1575657330106210
16
0.0089952731390619
47
-1.9202640519812320
48
0.9899109093757101
49
0.5291238489483784
65
-0.1776835768494662
79
0.6796604549085230
97
0.9743890580265719
4
0.7558806385707025
8
0.1623133003483588
15
1.0946251745729878
19
-0.2567612791697295
24
-0.4193924126796338
43
0.0962629193181759
45
-1.4874943540336842
56
0.6852086255093206
63
0.2831341174319340
71
1.0438710944108980
99
-0.1728745710079239
3
0.3152971580460498
14
1.7079980134844772
30
1.5790439521894120
41
-1.7324130160729030
52
0.4457025820365533
59
-0.2701234457680901
68
1.1488948479298717
80
2.0331957660619944
87
-2.2189271212463266
92
-0.4277420231487645
100
0.5069858339771770
20
-0.4148396890179354
34
-0.7368510477162490
54
0.5802937165112881
77
0.8197086468875033
85
1.2756861378071731
98
3.0097921466917699
3
0.1952500714293396
4
-0.4672296731710875
31
-0.0279278082755490
33
-0.4197460674243424
41
0.5809508095580435
46
1.3729547131907114
49
-0.3997938542316071
50
0.4673822210172116
59
0.6684435888751603
68
0.1167365010824545
24
1.5783910889107344
26
0.2454107533982899
71
-0.9893436004563255
73
0.1932107286351198
80
2.0502546906979098
84
1.1326750614137691
88
1.4112579251335644
6
-0.1256795649924653
31
-0.5479298813152694
35
1.2594033951037813
55
-2.7140516806186574
61
-0.6513058705336225
62
-0.7284205943125497
72
-0.1093044806387803
92
-2.2635284938972977
94
-1.5419810719543203
95
-0.3963108945783636
5
0.4899356042493739
6
0.5233931520879110
8
0.4698568351069673
9
-1.0458612841663653
10
0.0506873720167062
14
-0.6735639458362273
26
1.4103535116525128
54
1.2612806642940055
61
-1.2406486971049566
75
-0.8938065938963680
13
0.9320183684086737
26
0.9471453853795604
29
0.8809976300191779
34
-1.9219313724207232
37
0.2317801185131301
39
0.8123751060435407
79
-1.0763055205971848
80
1.4433044353932591
85
-0.2106511816716024
89
0.3007628334476099
95
-0.4026005020948954
14
-0.3665076879656363
16
-1.0701885649339256
23
-1.3283728407482327
25
-1.2332318171055825
49
-0.4279878182462479
82
-1.1228099692626079
93
-1.3213276616004117
95
3.0547539271148914
10
-0.9460235885553073
11
0.6285983467705583
17
0.2791624954886663
37
-0.0079491980724507
58
2.5018904128306589
61
-0.7868374737480206
69
0.4715584365295896
75
1.3800134547191418
82
-0.7948454009177592
92
2.0875881112771966
20
2.0557660114006513
28
-2.3508694911396271
44
0.4909929804583208
56
-0.8106273086376785
81
1.0340753280956589
94
1.7719932432246237
5
-0.7348349783659777
13
-0.2077709154116347
16
-0.3060876023464021
20
-0.6146433111455110
22
0.1386942406388831
23
0.1338671487413831
72
0.0486949891079327
3
0.5506942239483869
10
-2.2375644015338723
23
1.8440359803082147
38
-1.9833915715934576
87
1.0165887909545395
99
0.5907356538235290
10
0.4704113229736167
12
-0.0895965621927954
30
-1.5234699577497883
31
1.1514524370138992
36
-1.6628994883078263
42
0.0701843385953961
43
0.8396894157902307
50
0.4647616714419184
87
-0.5911796137292648
100
-1.1176694917081791
10
-1.4350639882346869
38
0.2213048986180671
43
0.6325629400847171
44
0.0667315526011189
59
-1.9596120275177946
61
0.4832076642399591
69
-0.1034378947263214
78
-1.5009514860042974
85
0.2062388756701040
90
-0.0154996757672608
91
-0.6709531344504416
98
0.7908443809215163
2
-0.0241757625395221
7
-0.0512592326140266
11
1.2810629283315702
13
-1.0232661357530384
28
0.3135908728726357
30
0.3849229457442763
55
0.1540808571211629
62
-0.6502808529605827
71
-1.1590802381137728
83
1.1938578728070726
11
1.1424064789843937
45
1.1916645306456066
49
0.5638394071547266
57
-0.2643406029094257
67
-0.9379452064416204
69
2.2886259336146302
70
-0.0389664706791434
71
-0.6898650387893740
94
0.3870112531191489
96
0.3222059593881197
32
-0.0677530440224733
35
-2.3015745781951180
67
-0.0475772743315873
68
-1.3857861149776651
87
0.0894930318630670
20
-0.3822896404701916
30
-0.3866736797730236
35
-0.3342593186521349
51
-1.6340911867029522
86
0.9359588069505039
91
0.7948874878079475
95
0.7242579516916157
1
1.1315805109699684
5
-0.3714987777982898
7
0.7978256701260803
37
-0.4558291461233225
58
0.0190362431124811
64
-0.3956759460943710
70
-1.3595407546846894
88
0.7327831232765045
93
0.7054093632745125
10
0.1633903642663484
14
2.1540786562413374
27
-0.2048603198972726
32
0.5359801862299676
63
-0.9096616424657069
74
-0.1432961626678624
100
-1.9696342084192855
6
-1.2780998507307613
8
-0.7134268299749609
12
-2.3949228139491492
22
1.0854051684037644
36
1.3843215027986404
40
-1.0218609075829319
51
-1.8492052381915216
54
1.0492770390423984
60
0.4267446780015486
66
-0.3700191282991983
67
0.7655013466890527
78
-0.7406388672288319
89
-0.3953666252897642
90
1.8433064795479872
98
1.1726036603540830
100
1
11
20
34
47
56
69
79
85
94
101
111
122
129
142
149
162
174
185
192
196
205
218
230
242
250
260
270
285
295
298
307
315
327
339
349
355
367
373
380
391
398
410
419
431
441
453
465
476
496
508
515
524
532
537
552
563
572
587
600
604
619
630
640
654
662
674
679
693
702
712
722
733
746
758
771
782
794
802
813
824
830
840
847
857
867
878
886
896
902
909
915
925
937
947
957
962
969
978
985
1001
0.0711924904666670
0.4782781331786227
0.9933350224344206
0.2218873358420456
0.4661787493310932
0.7909238904453376
0.8730084723392963
0.0562744914528683
0.8067476245224039
0.8527984402060190
0.4679624955935964
0.6777168887171411
0.6674272969906724
0.3858350822338191
0.2337323294664638
0.5729511270205951
0.3950844992852131
0.4285211232087559
0.1106814215979803
0.6518637402255925
0.0137437795922901
0.3891717942417781
0.0564007671930813
0.6261998382033241
0.5454392926758509
0.4415633659665745
0.3353750766757033
0.2745547784098357
0.6448846507443217
0.9250761263378899
0.7224741516660956
0.3417245632313303
0.0405022440608184
0.7329186583734114
0.1789625290000977
0.1582852768297983
0.8005523798368511
0.1875929369253861
0.7599434538863299
0.2620336908981939
0.6610238792992362
0.3913135225453832
0.4369313100285845
0.6664545692717424
0.3522039691258063
0.8040936238547431
0.8825393605402162
0.0237978189701811
0.8209192214855554
0.5833265017183158
0.2543403733688090
0.1009475089440707
0.5669781632766653
0.2045714221037536
0.0702202037107815
0.8961575105094225
0.2098526056039590
0.0927885367449037
0.4550004877421526
0.9701725191410219
0.7711960097734898
0.1629271885938910
0.4291400088315027
0.6979135311502815
0.5203506374813152
0.5609133057827166
0.4119187725090139
0.8484495885930519
0.3326301257156353
0.5288583852160832
0.7923810751675684
0.3965344886815386
0.1288549926144985
0.2148032567232810
0.8762435938825861
0.4862034422673326
0.2903251671329229
0.4416898423955200
0.6003968718530102
0.9979616784291037
0.9244002949120638
0.2649156292113554
0.1756502101782218
0.7814259195484164
0.9401619808863854
0.5080150785291786
0.6739962824466286
0.7302116700450495
0.7089623410307535
0.5270398679916166
0.1361932358821430
0.6336598466262442
0.4831113206816803
0.2361954690724156
0.6886719146996680
0.5194456957217249
0.6481192457547629
0.3872733127640360
0.6467315228445548
0.3609575224369559
-4.6819967055587419
6.2086104157073319
5.6427356615214386
1.0152716893505165
-1.5208512893237174
-0.5502019696402125
9.3794107353264984
5.1256365807060984
-1.6075833017600070
-5.2684888477908096
14.9632354735704425
-1.3619492873464163
-2.2485421332076263
-8.5599807020606811
3.2211483671577188
-5.8233539917724979
4.4046360139668828
-5.4765278101867283
-12.9704771664368188
0.3821715700889102
-3.2874222327696598
-0.4429259524849073
1.0429420161688030
-10.4394950564063507
-6.0218292144016994
-9.5544767834057946
1.8727397272217305
1.2215244557074745
-0.2133505993196028
-3.1267925003946315
-0.3132852892858491
13.9921773480726035
3.1213015558450858
4.9095791600164382
-8.7882666485243313
3.2423389316916662
10.0893801416398521
-4.0850358215467102
-1.7396159298042606
3.5535051746013768
3.3398517290886631
1.7919973608753648
5.9970258968385881
2.8792559120042283
5.8245374014374924
6.0837983530071194
-4.7207553818747243
-4.2241074901136475
-6.2477144907103446
3.9530572481962967
-2.9138212313287948
-5.0483596383514673
6.2124484630260355
-0.3122476156076419
0.8800636372724042
0.2878999811632962
9.7765168363109840
9.8105572155649270
-6.2442007762407954
0.5765680865527589
-1.0594672531308140
-2.4034101695632848
5.6813417422702912
-12.3670959070582551
6.4596575633783786
-8.7476413761472500
4.3747873356731315
-9.0236713537637243
-2.8889879391000619
-10.1583922743318116
-1.1225396170639432
0.4469620240740537
-10.0419797545034424
-1.4815639065624637
8.9110681499438940
4.1238990468704122
-3.7179336635370372
6.8030588149383737
-1.4225243112065882
-7.0811131457540313
-3.3229501385518478
12.7560819915493404
-0.6319736279809283
2.3277687268510778
10.8479762977229974
2.6398359857065508
-3.6479140084609494
3.0116002664266697
1.1841899076097393
0.1725964318664747
-4.0748137641085753
-5.0880810773388383
7.8009551448075314
1.2897522103156831
3.9930234978577879
1.6666067426619409
5.7882286844828723
-3.2903339408877548
5.3060861731512929
-1.4054531427703547
