CPU_analysis	CPU_facto	CPU_fillA	CPU_post	CPU_solve	mem_facto	mpi	nbp	npX	npY	npZ	omp	ordering	
0.006588	0.007021	0.000098	0.000002	0.002983	1	1	1000	10	10	10	1	pord	
0.062881	0.066883	0.000732	0.000001	0.021454	15	1	8000	20	20	20	1	pord	
0.255090	0.572612	0.002821	0.000001	0.073064	83	1	27000	30	30	30	1	pord	
0.658549	3.120926	0.005204	0.000002	0.180974	302	1	64000	40	40	40	1	pord	
1.297217	9.863219	0.011416	0.000001	0.380196	798	1	125000	50	50	50	1	pord	
2.430887	27.951297	0.021343	0.000001	0.654446	1700	1	216000	60	60	60	1	pord	
4.019035	75.612462	0.038176	0.000002	1.002504	3405	1	343000	70	70	70	1	pord	
5.551531	170.251129	0.041612	0.000002	1.525332	6266	1	512000	80	80	80	1	pord	
8.213613	317.004925	0.069628	0.000002	2.167349	9780	1	729000	90	90	90	1	pord	
0.006646	0.005386	0.000093	0.000001	0.002166	2	2	1000	10	10	10	1	pord	
0.062857	0.042046	0.000611	0.000002	0.014983	22	2	8000	20	20	20	1	pord	
0.239917	0.303991	0.002327	0.000002	0.052290	98	2	27000	30	30	30	1	pord	
0.615321	2.164272	0.005392	0.000002	0.110758	382	2	64000	40	40	40	1	pord	
1.310299	6.858430	0.009626	0.000001	0.222724	955	2	125000	50	50	50	1	pord	
2.226539	19.403208	0.020388	0.000002	0.419904	2052	2	216000	60	60	60	1	pord	
3.790925	63.528228	0.035662	0.000002	0.711714	4267	2	343000	70	70	70	1	pord	
5.742523	168.930780	0.048730	0.000002	0.979489	7191	2	512000	80	80	80	1	pord	
8.347743	304.202527	0.070511	0.000001	1.446001	11541	2	729000	90	90	90	1	pord	
0.006792	0.019112	0.000085	0.000001	0.001856	3	3	1000	10	10	10	1	pord	
0.063567	0.042913	0.000627	0.000001	0.013975	31	3	8000	20	20	20	1	pord	
0.243157	0.250051	0.002443	0.000002	0.031861	119	3	27000	30	30	30	1	pord	
0.623708	1.755519	0.007206	0.000002	0.101568	361	3	64000	40	40	40	1	pord	
1.273977	5.216769	0.010441	0.000002	0.168085	968	3	125000	50	50	50	1	pord	
2.238017	13.300439	0.019139	0.000001	0.343882	2033	3	216000	60	60	60	1	pord	
3.775301	40.189868	0.036862	0.000001	0.539273	4066	3	343000	70	70	70	1	pord	
5.767096	104.471554	0.042815	0.000001	0.807230	7195	3	512000	80	80	80	1	pord	
8.313960	181.453701	0.070397	0.000002	1.391634	11838	3	729000	90	90	90	1	pord	
0.006850	0.007466	0.000093	0.000002	0.001419	4	4	1000	10	10	10	1	pord	
0.075686	0.038024	0.000862	0.000002	0.010276	38	4	8000	20	20	20	1	pord	
0.258035	0.221740	0.003380	0.000002	0.031309	121	4	27000	30	30	30	1	pord	
0.629118	1.122571	0.005481	0.000001	0.074268	368	4	64000	40	40	40	1	pord	
1.270495	3.777958	0.010235	0.000002	0.176746	987	4	125000	50	50	50	1	pord	
2.233314	10.894992	0.020916	0.000002	0.315432	2003	4	216000	60	60	60	1	pord	
3.810398	33.723546	0.035008	0.000002	0.406412	4002	4	343000	70	70	70	1	pord	
6.097581	81.228378	0.054893	0.000002	0.679995	7234	4	512000	80	80	80	1	pord	
8.406006	151.753932	0.069607	0.000001	1.324254	11491	4	729000	90	90	90	1	pord	
0.010103	0.006332	0.000134	0.000002	0.001368	5	5	1000	10	10	10	1	pord	
0.072412	0.036866	0.000941	0.000001	0.009551	45	5	8000	20	20	20	1	pord	
0.262250	0.217014	0.003447	0.000002	0.032125	136	5	27000	30	30	30	1	pord	
0.661151	1.037559	0.007217	0.000002	0.066711	425	5	64000	40	40	40	1	pord	
1.252154	4.008215	0.010477	0.000002	0.127762	1039	5	125000	50	50	50	1	pord	
2.392798	10.333027	0.026310	0.000002	0.299990	2113	5	216000	60	60	60	1	pord	
3.873424	31.649956	0.046860	0.000002	0.549445	4293	5	343000	70	70	70	1	pord	
5.863450	75.970680	0.042216	0.000002	1.044944	7867	5	512000	80	80	80	1	pord	
8.486354	144.418488	0.081716	0.000002	1.387319	12699	5	729000	90	90	90	1	pord	
0.007138	0.024656	0.000088	0.000001	0.001498	6	6	1000	10	10	10	1	pord	
0.072810	0.049002	0.000872	0.000001	0.008915	52	6	8000	20	20	20	1	pord	
0.320001	0.206049	0.003290	0.000001	0.034491	145	6	27000	30	30	30	1	pord	
0.631663	0.983401	0.006287	0.000001	0.050449	420	6	64000	40	40	40	1	pord	
1.318617	3.958381	0.013566	0.000002	0.124360	1093	6	125000	50	50	50	1	pord	
2.337861	10.052441	0.022261	0.000001	0.306854	2187	6	216000	60	60	60	1	pord	
3.908929	29.298280	0.042613	0.000002	0.716161	4459	6	343000	70	70	70	1	pord	
5.896994	70.973053	0.040082	0.000001	1.080689	8207	6	512000	80	80	80	1	pord	
8.545978	132.881957	0.069649	0.000002	1.313586	12476	6	729000	90	90	90	1	pord	
0.003379	0.006921	0.000084	0.000001	0.002915	2	1	1000	10	10	10	1	metis	
0.044259	0.063322	0.000715	0.000001	0.020824	16	1	8000	20	20	20	1	metis	
0.184967	0.438193	0.002547	0.000002	0.062889	91	1	27000	30	30	30	1	metis	
0.485207	3.048207	0.006066	0.000001	0.149788	322	1	64000	40	40	40	1	metis	
1.049250	8.655241	0.011234	0.000001	0.311816	820	1	125000	50	50	50	1	metis	
1.990555	25.589646	0.020735	0.000002	0.571410	1870	1	216000	60	60	60	1	metis	
3.236857	68.328695	0.036478	0.000001	0.910482	3756	1	343000	70	70	70	1	metis	
4.996964	151.786460	0.043229	0.000001	1.437940	6426	1	512000	80	80	80	1	metis	
7.294534	320.141116	0.065497	0.000001	2.103552	10671	1	729000	90	90	90	1	metis	
0.003721	0.005245	0.000080	0.000001	0.002019	2	2	1000	10	10	10	1	metis	
0.045212	0.040108	0.000631	0.000001	0.012598	24	2	8000	20	20	20	1	metis	
0.194041	0.285954	0.002563	0.000001	0.044863	113	2	27000	30	30	30	1	metis	
0.504602	2.000638	0.005828	0.000002	0.106108	385	2	64000	40	40	40	1	metis	
1.079767	6.473318	0.010617	0.000002	0.202715	943	2	125000	50	50	50	1	metis	
2.012738	16.284281	0.019373	0.000002	0.356363	2115	2	216000	60	60	60	1	metis	
3.268606	42.909751	0.036738	0.000002	0.544689	4092	2	343000	70	70	70	1	metis	
5.150470	88.308598	0.040992	0.000002	0.942857	7757	2	512000	80	80	80	1	metis	
7.496703	188.410538	0.068257	0.000002	1.351629	12738	2	729000	90	90	90	1	metis	
0.003946	0.007035	0.000079	0.000001	0.001672	3	3	1000	10	10	10	1	metis	
0.045559	0.036453	0.000629	0.000002	0.011404	34	3	8000	20	20	20	1	metis	
0.200473	0.227955	0.003410	0.000001	0.032583	124	3	27000	30	30	30	1	metis	
0.509909	2.065423	0.006085	0.000002	0.094066	414	3	64000	40	40	40	1	metis	
1.075743	4.495435	0.013911	0.000001	0.148295	1023	3	125000	50	50	50	1	metis	
1.997016	11.998740	0.019397	0.000001	0.273435	2279	3	216000	60	60	60	1	metis	
3.279795	46.197628	0.035657	0.000001	0.425713	4279	3	343000	70	70	70	1	metis	
5.186511	68.387589	0.042108	0.000002	0.704609	7809	3	512000	80	80	80	1	metis	
7.571379	184.532079	0.072164	0.000002	1.056814	12615	3	729000	90	90	90	1	metis	
0.004162	0.011607	0.000089	0.000001	0.001418	4	4	1000	10	10	10	1	metis	
0.055748	0.032905	0.000881	0.000001	0.007434	41	4	8000	20	20	20	1	metis	
0.195213	0.227147	0.002451	0.000002	0.028900	149	4	27000	30	30	30	1	metis	
0.510222	1.935182	0.005355	0.000002	0.064082	437	4	64000	40	40	40	1	metis	
1.071043	5.413291	0.012289	0.000001	0.153520	1053	4	125000	50	50	50	1	metis	
2.024227	11.040969	0.020251	0.000001	0.206141	2566	4	216000	60	60	60	1	metis	
3.311553	29.458863	0.035153	0.000001	0.321288	4979	4	343000	70	70	70	1	metis	
5.229456	60.737076	0.049090	0.000002	0.516871	8718	4	512000	80	80	80	1	metis	
7.616771	132.462835	0.071224	0.000001	0.782470	13459	4	729000	90	90	90	1	metis	
0.005605	0.009894	0.000126	0.000001	0.001680	5	5	1000	10	10	10	1	metis	
0.061774	0.035111	0.000631	0.000002	0.006742	47	5	8000	20	20	20	1	metis	
0.265853	0.188198	0.002445	0.000002	0.024806	149	5	27000	30	30	30	1	metis	
0.517924	1.003273	0.006118	0.000002	0.055872	475	5	64000	40	40	40	1	metis	
1.092888	3.778627	0.011127	0.000001	0.136112	1160	5	125000	50	50	50	1	metis	
2.012634	9.767911	0.024722	0.000001	0.202246	2713	5	216000	60	60	60	1	metis	
3.332061	26.039549	0.043525	0.000001	0.328964	5170	5	343000	70	70	70	1	metis	
5.271860	49.973873	0.044712	0.000002	0.686181	9067	5	512000	80	80	80	1	metis	
7.704689	117.589724	0.088028	0.000002	0.809651	15083	5	729000	90	90	90	1	metis	
0.004305	0.006996	0.000085	0.000001	0.001675	6	6	1000	10	10	10	1	metis	
0.062003	0.030677	0.000758	0.000002	0.010058	54	6	8000	20	20	20	1	metis	
0.243480	0.183907	0.003301	0.000002	0.023714	164	6	27000	30	30	30	1	metis	
0.522552	0.857551	0.007353	0.000002	0.055256	487	6	64000	40	40	40	1	metis	
1.142738	3.400850	0.010587	0.000001	0.096595	1189	6	125000	50	50	50	1	metis	
2.036140	8.059614	0.021938	0.000002	0.170554	2667	6	216000	60	60	60	1	metis	
3.366169	21.456116	0.045630	0.000001	0.316428	5229	6	343000	70	70	70	1	metis	
5.338957	41.831441	0.042731	0.000001	0.495374	9096	6	512000	80	80	80	1	metis	
7.907108	91.713626	0.087788	0.000001	0.775826	14553	6	729000	90	90	90	1	metis	
0.003379	0.006779	0.000087	0.000002	0.003053	2	1	1000	10	10	10	1	parmetis	
0.043548	0.062790	0.000696	0.000001	0.019536	16	1	8000	20	20	20	1	parmetis	
0.189914	0.434503	0.002715	0.000001	0.068280	91	1	27000	30	30	30	1	parmetis	
0.483292	3.030716	0.008309	0.000001	0.156232	322	1	64000	40	40	40	1	parmetis	
1.046774	8.621819	0.011345	0.000001	0.296805	820	1	125000	50	50	50	1	parmetis	
1.930231	25.761763	0.020351	0.000001	0.550318	1870	1	216000	60	60	60	1	parmetis	
3.214410	68.202614	0.035058	0.000002	0.897272	3756	1	343000	70	70	70	1	parmetis	
4.988528	145.582178	0.041328	0.000002	1.402972	6426	1	512000	80	80	80	1	parmetis	
7.326072	300.250803	0.071461	0.000002	2.109686	10671	1	729000	90	90	90	1	parmetis	
0.012416	0.005429	0.000082	0.000001	0.002284	2	2	1000	10	10	10	1	parmetis	
0.054249	0.043084	0.000646	0.000002	0.011939	24	2	8000	20	20	20	1	parmetis	
0.154250	0.318643	0.002492	0.000001	0.043188	117	2	27000	30	30	30	1	parmetis	
0.366153	1.995967	0.006122	0.000001	0.103916	367	2	64000	40	40	40	1	parmetis	
0.713904	5.166289	0.010562	0.000001	0.208019	1015	2	125000	50	50	50	1	parmetis	
1.345622	15.241871	0.017187	0.000002	0.358829	2080	2	216000	60	60	60	1	parmetis	
2.205146	35.010030	0.038068	0.000001	0.592187	4199	2	343000	70	70	70	1	parmetis	
3.288572	86.930333	0.042255	0.000002	1.211866	7482	2	512000	80	80	80	1	parmetis	
5.100816	169.667589	0.070131	0.000002	1.339762	12562	2	729000	90	90	90	1	parmetis	
0.016343	0.006608	0.000094	0.000002	0.001847	3	3	1000	10	10	10	1	parmetis	
0.060620	0.037154	0.000629	0.000002	0.009855	34	3	8000	20	20	20	1	parmetis	
0.157797	0.246618	0.002492	0.000002	0.033309	121	3	27000	30	30	30	1	parmetis	
0.374553	1.778656	0.007983	0.000001	0.115306	413	3	64000	40	40	40	1	parmetis	
0.727999	3.899354	0.010886	0.000002	0.196190	992	3	125000	50	50	50	1	parmetis	
1.338712	11.321814	0.020307	0.000001	0.285400	2187	3	216000	60	60	60	1	parmetis	
2.203112	34.698610	0.036177	0.000002	0.454959	4147	3	343000	70	70	70	1	parmetis	
3.293537	79.089864	0.052229	0.000002	0.703235	7636	3	512000	80	80	80	1	parmetis	
5.126428	165.686745	0.073241	0.000002	1.023619	12465	3	729000	90	90	90	1	parmetis	
0.023724	0.006745	0.000088	0.000002	0.001594	4	4	1000	10	10	10	1	parmetis	
0.093286	0.035635	0.000640	0.000001	0.009816	40	4	8000	20	20	20	1	parmetis	
0.161701	0.214524	0.003407	0.000001	0.031910	149	4	27000	30	30	30	1	parmetis	
0.317002	1.246265	0.007671	0.000002	0.074333	449	4	64000	40	40	40	1	parmetis	
0.562156	4.130260	0.015882	0.000001	0.165992	1266	4	125000	50	50	50	1	parmetis	
0.920807	11.023014	0.028800	0.000001	0.205756	2353	4	216000	60	60	60	1	parmetis	
1.488095	26.051914	0.044665	0.000001	0.386484	4796	4	343000	70	70	70	1	parmetis	
2.254639	57.624339	0.040894	0.000001	0.546678	8395	4	512000	80	80	80	1	parmetis	
3.304951	124.457220	0.079101	0.000001	0.892546	12429	4	729000	90	90	90	1	parmetis	
0.024192	0.018284	0.000128	0.000001	0.002363	5	5	1000	10	10	10	1	parmetis	
0.089393	0.028974	0.000644	0.000002	0.006538	47	5	8000	20	20	20	1	parmetis	
0.168614	0.220631	0.003378	0.000002	0.024755	165	5	27000	30	30	30	1	parmetis	
0.323213	1.000525	0.007235	0.000001	0.057153	472	5	64000	40	40	40	1	parmetis	
0.575167	4.078935	0.014615	0.000002	0.122005	1299	5	125000	50	50	50	1	parmetis	
1.036040	9.570745	0.025737	0.000002	0.209364	2593	5	216000	60	60	60	1	parmetis	
1.520970	23.308779	0.036973	0.000002	0.337954	4902	5	343000	70	70	70	1	parmetis	
2.267071	60.546454	0.048643	0.000002	0.551137	8289	5	512000	80	80	80	1	parmetis	
3.439243	115.852119	0.078275	0.000002	0.803364	13317	5	729000	90	90	90	1	parmetis	
0.025273	0.006983	0.000101	0.000001	0.001701	6	6	1000	10	10	10	1	parmetis	
0.095461	0.039861	0.000625	0.000001	0.006744	54	6	8000	20	20	20	1	parmetis	
0.194359	0.191631	0.003619	0.000001	0.023619	177	6	27000	30	30	30	1	parmetis	
0.328587	1.482163	0.005686	0.000001	0.051348	516	6	64000	40	40	40	1	parmetis	
0.630487	2.980568	0.014068	0.000001	0.103908	1301	6	125000	50	50	50	1	parmetis	
1.066631	8.623367	0.026492	0.000002	0.195305	2659	6	216000	60	60	60	1	parmetis	
1.640843	22.811830	0.044977	0.000002	0.288018	5369	6	343000	70	70	70	1	parmetis	
2.492499	53.139467	0.054537	0.000002	0.455913	8767	6	512000	80	80	80	1	parmetis	
3.434938	111.441210	0.089477	0.000002	0.748161	14420	6	729000	90	90	90	1	parmetis	
