          10
           0
    2.00000000000000     
   0.000000000000000     
    1.00000000000000     
   0.000000000000000     
   0.000000000000000     
   0.666666666666667     
   0.000000000000000     
   0.000000000000000     
   0.000000000000000     
   0.500000000000000     
   0.000000000000000     
   0.000000000000000     
   0.000000000000000     
   0.000000000000000     
   0.400000000000000     
   0.000000000000000     
   0.000000000000000     
   0.000000000000000     
   0.000000000000000     
   0.000000000000000     
   0.333333333333333     
   0.000000000000000     
   0.000000000000000     
   0.000000000000000     
   0.000000000000000     
   0.000000000000000     
   0.000000000000000     
   0.285714285714286     
   0.000000000000000     
   0.000000000000000     
   0.000000000000000     
   0.000000000000000     
   0.000000000000000     
   0.000000000000000     
   0.000000000000000     
   0.250000000000000     
   0.000000000000000     
   0.000000000000000     
   0.000000000000000     
   0.000000000000000     
   0.000000000000000     
   0.000000000000000     
   0.000000000000000     
   0.000000000000000     
   0.222222222222222     
   0.000000000000000     
   0.000000000000000     
   0.000000000000000     
   0.000000000000000     
   0.000000000000000     
   0.000000000000000     
   0.000000000000000     
   0.000000000000000     
   0.000000000000000     
   0.200000000000000     
   -8.00000000000000     
   -3.00000000000000     
   -1.33333333333333     
  -0.500000000000000     
   0.000000000000000     
   0.333333333333333     
   0.571428571428571     
   0.750000000000000     
   0.888888888888889     
    1.00000000000000     
    5.00000000000000     
    5.00000000000000     
    5.00000000000000     
    5.00000000000000     
    5.00000000000000     
    5.00000000000000     
    5.00000000000000     
    5.00000000000000     
    5.00000000000000     
    5.00000000000000     
    28.2242063492064     
